// Updated: 2026/10/04 00:20:35

var Time_24hr = {'C':['00 10/03<br><span style="color:#ea1904;">(六)</span>','01 10/03<br><span style="color:#ea1904;">(六)</span>','02 10/03<br><span style="color:#ea1904;">(六)</span>','03 10/03<br><span style="color:#ea1904;">(六)</span>','04 10/03<br><span style="color:#ea1904;">(六)</span>','05 10/03<br><span style="color:#ea1904;">(六)</span>','06 10/03<br><span style="color:#ea1904;">(六)</span>','07 10/03<br><span style="color:#ea1904;">(六)</span>','08 10/03<br><span style="color:#ea1904;">(六)</span>','09 10/03<br><span style="color:#ea1904;">(六)</span>','10 10/03<br><span style="color:#ea1904;">(六)</span>','11 10/03<br><span style="color:#ea1904;">(六)</span>','12 10/03<br><span style="color:#ea1904;">(六)</span>','13 10/03<br><span style="color:#ea1904;">(六)</span>','14 10/03<br><span style="color:#ea1904;">(六)</span>','15 10/03<br><span style="color:#ea1904;">(六)</span>','16 10/03<br><span style="color:#ea1904;">(六)</span>','17 10/03<br><span style="color:#ea1904;">(六)</span>','18 10/03<br><span style="color:#ea1904;">(六)</span>','19 10/03<br><span style="color:#ea1904;">(六)</span>','20 10/03<br><span style="color:#ea1904;">(六)</span>','21 10/03<br><span style="color:#ea1904;">(六)</span>','22 10/03<br><span style="color:#ea1904;">(六)</span>','23 10/03<br><span style="color:#ea1904;">(六)</span>'],'E':['00 10/03<br><span style="color:#ea1904;">(Sat.)</span>','01 10/03<br><span style="color:#ea1904;">(Sat.)</span>','02 10/03<br><span style="color:#ea1904;">(Sat.)</span>','03 10/03<br><span style="color:#ea1904;">(Sat.)</span>','04 10/03<br><span style="color:#ea1904;">(Sat.)</span>','05 10/03<br><span style="color:#ea1904;">(Sat.)</span>','06 10/03<br><span style="color:#ea1904;">(Sat.)</span>','07 10/03<br><span style="color:#ea1904;">(Sat.)</span>','08 10/03<br><span style="color:#ea1904;">(Sat.)</span>','09 10/03<br><span style="color:#ea1904;">(Sat.)</span>','10 10/03<br><span style="color:#ea1904;">(Sat.)</span>','11 10/03<br><span style="color:#ea1904;">(Sat.)</span>','12 10/03<br><span style="color:#ea1904;">(Sat.)</span>','13 10/03<br><span style="color:#ea1904;">(Sat.)</span>','14 10/03<br><span style="color:#ea1904;">(Sat.)</span>','15 10/03<br><span style="color:#ea1904;">(Sat.)</span>','16 10/03<br><span style="color:#ea1904;">(Sat.)</span>','17 10/03<br><span style="color:#ea1904;">(Sat.)</span>','18 10/03<br><span style="color:#ea1904;">(Sat.)</span>','19 10/03<br><span style="color:#ea1904;">(Sat.)</span>','20 10/03<br><span style="color:#ea1904;">(Sat.)</span>','21 10/03<br><span style="color:#ea1904;">(Sat.)</span>','22 10/03<br><span style="color:#ea1904;">(Sat.)</span>','23 10/03<br><span style="color:#ea1904;">(Sat.)</span>']};

var TempArray_GT24hr = {
    '6300100':{'C':{'T':[26,26,26,26,26,26,26,26,26,26,26,27,28,27,28,28,27,27,27,26,26,26,26,26],'AT':[30,31,30,30,29,29,30,30,31,30,30,31,31,31,31,31,31,30,30,30,30,30,30,30]},
               'F':{'T':[79,79,79,79,79,79,79,79,79,79,79,81,82,81,82,82,81,81,81,79,79,79,79,79],'AT':[86,88,86,86,84,84,86,86,88,86,86,88,88,88,88,88,88,86,86,86,86,86,86,86]}},
    '6300200':{'C':{'T':[26,26,26,25,26,25,26,26,26,26,26,27,28,27,28,28,27,27,27,26,26,26,26,26],'AT':[30,30,30,30,29,30,30,30,30,30,29,31,31,31,31,31,31,30,30,30,30,30,30,30]},
               'F':{'T':[79,79,79,77,79,77,79,79,79,79,79,81,82,81,82,82,81,81,81,79,79,79,79,79],'AT':[86,86,86,86,84,86,86,86,86,86,84,88,88,88,88,88,88,86,86,86,86,86,86,86]}},
    '6300300':{'C':{'T':[26,26,26,26,26,26,26,26,27,27,27,28,28,27,28,28,27,27,27,26,26,26,26,26],'AT':[30,30,30,30,30,30,30,30,31,31,30,31,31,31,31,31,30,30,30,30,30,30,30,30]},
               'F':{'T':[79,79,79,79,79,79,79,79,81,81,81,82,82,81,82,82,81,81,81,79,79,79,79,79],'AT':[86,86,86,86,86,86,86,86,88,88,86,88,88,88,88,88,86,86,86,86,86,86,86,86]}},
    '6300400':{'C':{'T':[26,26,26,26,26,26,26,27,27,27,27,28,28,28,28,28,28,27,27,27,27,27,27,27],'AT':[30,30,30,30,29,29,30,30,31,31,30,31,31,31,31,31,31,31,30,29,30,30,30,30]},
               'F':{'T':[79,79,79,79,79,79,79,81,81,81,81,82,82,82,82,82,82,81,81,81,81,81,81,81],'AT':[86,86,86,86,84,84,86,86,88,88,86,88,88,88,88,88,88,88,86,84,86,86,86,86]}},
    '6300500':{'C':{'T':[26,26,26,26,26,26,26,27,27,27,27,28,28,28,28,28,28,27,27,27,27,27,27,27],'AT':[30,30,30,30,30,30,30,30,31,31,30,31,31,31,31,31,31,31,30,30,30,30,30,30]},
               'F':{'T':[79,79,79,79,79,79,79,81,81,81,81,82,82,82,82,82,82,81,81,81,81,81,81,81],'AT':[86,86,86,86,86,86,86,86,88,88,86,88,88,88,88,88,88,88,86,86,86,86,86,86]}},
    '6300600':{'C':{'T':[27,26,26,26,26,26,27,27,27,27,27,28,29,28,29,29,28,28,27,27,27,27,27,27],'AT':[30,30,30,30,29,29,30,31,31,31,31,32,32,31,32,32,31,31,30,29,30,30,30,30]},
               'F':{'T':[81,79,79,79,79,79,81,81,81,81,81,82,84,82,84,84,82,82,81,81,81,81,81,81],'AT':[86,86,86,86,84,84,86,88,88,88,88,90,90,88,90,90,88,88,86,84,86,86,86,86]}},
    '6300700':{'C':{'T':[26,26,26,26,26,26,26,27,27,27,27,28,28,28,28,28,28,27,27,27,27,27,27,27],'AT':[30,30,30,30,30,30,30,30,31,31,31,31,32,31,31,31,31,31,31,30,30,30,30,30]},
               'F':{'T':[79,79,79,79,79,79,79,81,81,81,81,82,82,82,82,82,82,81,81,81,81,81,81,81],'AT':[86,86,86,86,86,86,86,86,88,88,88,88,90,88,88,88,88,88,88,86,86,86,86,86]}},
    '6300800':{'C':{'T':[25,25,25,25,25,25,25,25,26,26,26,27,27,27,27,27,27,27,26,25,25,25,25,25],'AT':[30,30,30,30,30,30,29,29,30,30,30,31,31,31,31,31,30,31,31,29,29,29,29,29]},
               'F':{'T':[77,77,77,77,77,77,77,77,79,79,79,81,81,81,81,81,81,81,79,77,77,77,77,77],'AT':[86,86,86,86,86,86,84,84,86,86,86,88,88,88,88,88,86,88,88,84,84,84,84,84]}},
    '6300900':{'C':{'T':[26,26,26,25,26,25,26,26,26,26,26,27,27,27,27,27,27,27,27,26,25,25,25,25],'AT':[30,31,30,30,29,30,30,30,31,30,30,31,31,31,30,30,30,30,30,29,30,29,30,29]},
               'F':{'T':[79,79,79,77,79,77,79,79,79,79,79,81,81,81,81,81,81,81,81,79,77,77,77,77],'AT':[86,88,86,86,84,86,86,86,88,86,86,88,88,88,86,86,86,86,86,84,86,84,86,84]}},
    '6301000':{'C':{'T':[26,26,26,26,26,26,26,26,26,26,26,27,27,27,27,27,27,27,27,26,26,26,26,26],'AT':[30,30,29,30,29,29,29,30,30,30,29,31,31,31,30,30,30,30,30,30,30,30,30,29]},
               'F':{'T':[79,79,79,79,79,79,79,79,79,79,79,81,81,81,81,81,81,81,81,79,79,79,79,79],'AT':[86,86,84,86,84,84,84,86,86,86,84,88,88,88,86,86,86,86,86,86,86,86,86,84]}},
    '6301100':{'C':{'T':[27,26,26,26,26,26,27,27,27,27,27,28,29,28,29,29,28,28,27,27,27,27,27,27],'AT':[30,30,30,30,30,30,30,31,31,31,31,32,32,31,32,32,31,31,30,29,30,30,30,30]},
               'F':{'T':[81,79,79,79,79,79,81,81,81,81,81,82,84,82,84,84,82,82,81,81,81,81,81,81],'AT':[86,86,86,86,86,86,86,88,88,88,88,90,90,88,90,90,88,88,86,84,86,86,86,86]}},
    '6301200':{'C':{'T':[26,26,26,26,26,26,26,27,27,27,27,28,28,28,29,29,28,28,27,27,27,27,27,27],'AT':[30,31,31,31,30,30,30,32,31,31,31,31,32,32,32,32,32,32,31,30,31,31,31,31]},
               'F':{'T':[79,79,79,79,79,79,79,81,81,81,81,82,82,82,84,84,82,82,81,81,81,81,81,81],'AT':[86,88,88,88,86,86,86,90,88,88,88,88,90,90,90,90,90,90,88,86,88,88,88,88]}}
};